%YAML:1.0

#--------------------------------------------------------------------------------------------
# System config
#--------------------------------------------------------------------------------------------

# When the variables are commented, the system doesn't load a previous session or not store the current one

# If the LoadFile doesn't exist, the system give a message and create a new Atlas from scratch
#System.LoadAtlasFromFile: "Session_MH01_MH02_MH03_Stereo60_Pseudo"

#The store file is created from the current session, if a file with the same name exists it is deleted
System.SaveAtlasToFile: "Library_2_oak_2"

#--------------------------------------------------------------------------------------------
# Camera Parameters. Adjust them!
#--------------------------------------------------------------------------------------------
Camera.type: "PinHole"

# Camera calibration and distortion parameters (OpenCV)
# Copied from the EEPROM data dump in depthai_demo.py.
Camera.fx: 838.1726353809994
Camera.fy:  835.6834368100958
Camera.cx:  637.061164607959
Camera.cy:  331.8595692017012 

Camera.k1: 0.18819582998149972
Camera.k2:  -0.6552091446484961
Camera.k3: 0.0
Camera.k4: 0.0
Camera.p1:  -0.0022116518044873385
Camera.p2: 0.002521472147294822

Camera2.fx: 836.2722137984025
Camera2.fy:  833.9718341490379
Camera2.cx:  628.3818719568053
Camera2.cy: 334.12278454451405

Camera2.k1: 0.19552097608119973
Camera2.k2: -0.6276162734074372
Camera2.k3: 0.0
Camera2.k4: 0.0
Camera2.p1: -0.0004175405527436375
Camera2.p2: -0.0006749571004795732

Camera.bFishEye: 0

Camera.width: 1280
Camera.height: 720

# Camera frames per second
Camera.fps: 30.0

# stereo baseline
Camera.bf: 62.729905701

# Color order of the images (0: BGR, 1: RGB. It is ignored if images are grayscale)
Camera.RGB: 1

# Close/Far threshold. Baseline times.
ThDepth: 37.5

Stereo.T_c1_c2: !!opencv-matrix
  rows: 4
  cols: 4
  dt: f
  data: [0.999942464107715, 0.00016032059784541224, 0.010725799339935903, -0.0768909125574636,
        -0.0001229873772351594, 0.9999939328239913, -0.0034812626007676237, 0.00040731796433001675,
        -0.010726292382724975, 0.0034797431652880692, 0.9999364169982048, -0.0004513913181210385,
         0.0, 0.0, 0.0, 1.0]


# Transformation from camera 0 to body-frame (imu)
Tbc: !!opencv-matrix
   rows: 4
   cols: 4
   dt: f
   data: [0, 1, 0, 0.01744779136481356,
        -1, 0, 0, 0.012407593809577674,
        0, 0, 1, -0.026713744779204896,
        0.,        0.,        0.,        1.      ]


# IMU noise
IMU.NoiseGyro: 6.4190421491705540e-04
IMU.NoiseAcc:  2.8138017235431984e-02
IMU.GyroWalk: 2.3553045282732546e-06
IMU.AccWalk:  7.1952095806215616e-04
IMU.Frequency: 400


#--------------------------------------------------------------------------------------------
# Stereo Rectification. Only if you need to pre-rectify the images.
#
# NOT NEEDED ON OAK-D. We extract rectified images directly from the OAK-D
# itself, so no need for these.
#
# Camera.fx, .fy, etc must be the same as in LEFT.P
#--------------------------------------------------------------------------------------------

#--------------------------------------------------------------------------------------------
# ORB Parameters
#--------------------------------------------------------------------------------------------

# ORB Extractor: Number of features per image
ORBextractor.nFeatures: 1200

# ORB Extractor: Scale factor between levels in the scale pyramid
ORBextractor.scaleFactor: 1.2

# ORB Extractor: Number of levels in the scale pyramid
ORBextractor.nLevels: 8

# ORB Extractor: Fast threshold
# Image is divided in a grid. At each cell FAST are extracted imposing a minimum response.
# Firstly we impose iniThFAST. If no corners are detected we impose a lower value minThFAST
# You can lower these values if your images have low contrast
ORBextractor.iniThFAST: 20
ORBextractor.minThFAST: 7

#--------------------------------------------------------------------------------------------
# Viewer Parameters
#--------------------------------------------------------------------------------------------
Viewer.KeyFrameSize: 0.05
Viewer.KeyFrameLineWidth: 1.0
Viewer.GraphLineWidth: 0.9
Viewer.PointSize: 2.0
Viewer.CameraSize: 0.08
Viewer.CameraLineWidth: 3.0
Viewer.ViewpointX: 0.0
Viewer.ViewpointY: -0.7
Viewer.ViewpointZ: -1.8
Viewer.ViewpointF: 500.0
Viewer.imageViewScale: 1.0